-15.615218022028131	-9.80418615848258
